Elapsed Time = 0.001 secs.
----------------------------------------

a = -0.9999999999999996
b = 0.33333333333333304
c = 1.6666666666666665
d = 2.6666666666666665